$ 1 0.000005 10.20027730826997 50 5 43 5e-11
r 80 144 176 144 0 3830
r 80 192 176 192 0 1870
r 80 240 176 240 0 909
w 176 240 176 192 0
w 176 192 320 192 0
r 320 192 320 288 0 75
g 320 288 320 320 0 0
s 0 144 80 144 0 0 false
s 0 192 80 192 0 0 false
s 0 240 80 240 0 0 false
R -48 96 -48 16 0 0 40 5 0 0 0.5
w -48 144 0 144 0
w -48 144 -48 192 0
w -48 192 0 192 0
w -48 192 -48 240 0
w -48 240 0 240 0
p 320 192 320 64 3 0 0 10000000
g 320 64 368 64 0 0
r 80 96 176 96 0 7870
w 176 144 176 96 0
w 176 192 176 144 0
s 0 96 80 96 0 0 false
w 0 96 -48 96 0
w -48 96 -48 144 0
